$ANSIBLE_VAULT;1.1;AES256
61313265636266353365373130323564386237373161313934646230633366626161633730383366
3065326335626165393765396330366535316333306266380a373633393265343939666136633931
31626433646363383439613536653262326530633939616430393336376535343934306661616430
6437656233613231660a633132613261663064333434353935326236633635383831636232333065
38653566353531346138343863333036666665613866353065373366653363666437646539353433
66373964353639393262353163646331376534636633626638373665346436373139373663386364
36376262663862346437636664366466376138623362636635653736663230383263323338303638
64356461373362356632343538303661336163383433333836623030313636363639373566653565
66353462316562316236653037343765623731326133653665356637313130316639646236653565
35636334616234306430396530333431623165303631393633663163373563666234336365393236
66313237353833663464356261326330613561353666386137393666666561353536636439343761
63326562333162653138376133333337316237636639386332383261646665646364333635626665
36313062373033356538363437643762373461313333303137313931656464623163386331666138
31376261643630323864353366633939343037613130613435626361366265316362303334613562
61633430656237633431633161363830386134366265346564613839333938353936336562396238
34643565366436396361
